50
50
0
49
0
48
0
47
0
46
0
45
0
44
0
43
0
42
0
41
0
40
0
39
0
38
0
37
0
36
0
35
0
33
0
32
0
30
1
29
1
28
1
27
1
26
1
25
1
24
1
23
1
22
1
21
1
20
0
22
0
23
0
34
0
31
0
29
0
28
0
27
0
26
0
25
0
24
0
21
0
20
0
19
0
18
0
17
0
16
0
15
0
14
0
13
0
12
0
11
0
10
0
9
0
8
0
7
0
6
0
5
0
4
0
3
0
2
0
1
0
0
1
0
2
0
3
0
4
0
5
0
6
0
7
0
8
0
9
0
10
0
11
0
12
0
13
0
14
0
15
0
17
0
19
0
22
0
23
0
24
0
25
0
26
0
27
0
28
0
21
0
18
0
22
1
23
1
24
1
25
1
27
1
29
1
30
1
31
1
32
1
33
1
34
0
35
0
36
0
37
0
38
0
39
0
32
0
33
0
31
0
40
0
41
0
42
0
44
0
46
0
47
0
48
0
20
0
49
1
49
2
49
5
49
7
49
10
49
11
49
13
48
15
48
16
48
17
48
18
48
19
48
20
48
21
48
22
49
24
49
25
49
26
49
23
49
3
49
6
49
8
49
19
49
18
49
17
49
16
49
15
49
14
49
20
49
21
49
22
49
12
16
0
29
0
30
0
43
0
49
4
49
9
48
9
47
9
46
9
45
9
44
9
43
9
42
9
41
9
40
9
39
9
38
9
37
9
36
9
35
9
32
9
31
9
30
9
29
9
28
9
27
9
26
9
25
9
23
9
22
9
21
9
20
9
19
9
18
9
17
9
16
9
14
9
12
9
11
10
10
10
9
10
8
10
7
10
4
9
5
9
8
9
10
9
13
9
24
9
27
8
28
8
29
8
30
8
31
8
32
8
33
8
34
8
34
9
49
27
49
28
49
29
49
30
49
31
49
33
49
34
49
35
49
36
49
38
49
39
49
40
49
41
49
42
49
43
49
44
49
45
49
46
49
47
49
48
49
49
48
49
48
48
48
47
48
46
48
45
48
44
48
42
48
41
48
40
48
39
48
38
48
37
48
36
48
35
48
34
49
32
49
37
48
43
47
48
47
49
46
49
45
49
44
49
43
49
42
49
41
49
40
49
39
49
32
49
34
49
35
49
36
49
37
49
38
49
33
49
31
49
30
49
29
49
28
49
27
49
26
49
25
49
24
49
23
49
22
49
20
49
19
49
18
49
16
49
15
49
14
49
13
49
12
49
11
49
10
49
9
49
8
49
7
49
6
49
5
49
4
49
3
49
2
49
1
49
17
49
21
49
22
48
23
48
24
48
25
48
26
48
27
48
28
48
29
48
30
48
31
48
32
48
33
48
1
9
2
9
3
9
6
9
7
9
9
9
11
9
15
9
33
9
45
0
49
0
