21
21
0
20
0
10
1
10
2
10
3
10
4
10
5
10
6
10
7
10
8
10
9
10
10
10
10
11
10
12
10
13
10
14
10
15
10
16
10
17
10
18
10
19
10
20
11
20
12
20
13
20
14
20
15
20
16
20
17
20
18
20
19
20
20
20
0
19
0
18
0
17
0
16
0
15
0
14
0
13
0
12
0
11
10
9
10
8
10
7
10
6
10
5
10
4
10
3
10
2
10
1
10
0
9
0
8
0
7
0
6
0
5
0
4
0
3
0
2
0
1
0
0
0
11
10
12
10
13
10
14
10
15
10
16
10
17
10
18
10
19
10
20
10
20
9
20
8
20
7
20
6
20
5
20
4
20
3
20
2
20
1
0
9
1
9
2
9
3
9
4
9
5
9
6
9
7
9
8
9
9
9
11
9
12
9
13
9
14
9
15
9
16
9
17
9
18
9
19
9
19
8
19
7
19
6
19
5
19
4
19
3
19
2
19
1
19
0
0
1
1
1
2
1
3
1
4
1
5
1
6
1
7
1
8
1
9
1
11
0
11
1
11
2
11
3
11
4
11
5
11
6
11
7
11
8
11
11
11
12
11
13
11
14
11
15
11
16
11
17
11
18
11
19
12
19
13
19
14
19
15
19
16
19
17
19
18
19
19
19
20
19
1
20
1
19
1
18
1
17
1
16
1
15
1
11
1
12
1
13
1
14
20
0
