40
30
0
14
0
15
0
16
0
17
0
18
0
19
0
20
0
21
0
22
0
23
0
24
0
25
0
26
0
27
0
28
0
29
1
29
2
29
4
29
5
29
6
29
8
29
9
29
10
29
11
29
12
29
13
29
14
29
16
29
17
29
18
29
19
29
20
29
22
29
23
29
25
29
26
29
27
29
28
29
29
29
30
29
31
29
32
29
33
29
34
29
35
29
36
29
38
29
24
29
21
29
15
29
3
29
2
28
4
28
9
27
13
25
16
25
21
22
23
20
25
17
25
14
25
11
24
7
23
4
22
1
21
1
23
3
25
5
29
10
33
16
35
24
35
27
34
28
14
27
11
23
9
20
9
18
11
17
14
17
19
19
23
21
26
24
27
25
27
26
25
27
21
26
17
23
11
18
6
13
4
10
4
9
6
9
10
10
16
12
23
16
28
21
28
23
28
24
26
26
14
22
6
16
0
10
2
5
8
7
17
12
24
16
29
20
30
23
26
25
23
25
19
22
11
11
11
7
12
6
16
6
22
9
29
13
38
19
39
22
39
25
35
26
29
25
17
15
13
9
13
7
14
5
19
6
29
8
15
18
7
11
3
6
2
4
3
3
8
4
15
6
23
10
29
14
31
15
30
15
28
13
24
11
22
10
10
4
3
0
1
0
5
2
11
5
18
9
24
14
27
17
29
21
28
22
25
23
16
21
10
18
6
14
5
13
5
12
7
12
12
13
18
17
26
23
26
27
22
27
12
22
3
16
7
1
17
4
24
9
29
12
30
16
30
19
27
21
15
20
4
7
10
8
14
10
17
13
15
15
11
15
8
15
3
12
10
12
15
13
18
15
19
16
19
17
17
18
15
19
8
19
3
17
0
12
12
12
19
12
23
12
24
12
21
13
16
14
4
16
5
16
8
16
10
16
9
16
1
16
13
17
15
17
12
17
4
17
4
15
17
16
20
17
19
15
11
16
16
17
25
18
29
19
27
19
23
19
19
18
7
16
2
16
1
17
1
18
1
19
2
19
3
19
4
20
5
20
6
20
6
21
7
21
8
20
11
19
12
18
14
16
15
14
16
13
16
11
17
9
17
8
17
7
18
6
19
5
20
4
22
4
25
4
28
4
28
5
27
6
25
7
22
8
19
10
10
13
9
14
9
15
9
17
9
19
10
21
11
21
12
21
11
20
10
19
8
17
4
13
4
12
4
11
5
11
6
11
9
12
11
13
12
15
13
18
13
19
13
21
12
23
9
25
8
25
7
25
6
25
4
24
3
22
2
17
2
15
6
10
9
8
16
5
21
6
22
7
23
9
23
11
23
14
22
16
21
17
14
11
13
10
14
8
20
6
29
6
33
6
35
6
37
7
37
9
37
10
37
12
37
13
36
15
34
16
32
16
26
12
21
8
17
3
18
3
22
5
23
7
24
8
24
13
23
15
21
19
18
20
15
22
11
22
19
11
26
8
32
5
33
4
32
6
31
6
30
7
26
9
19
9
15
9
16
10
17
11
18
13
19
13
19
14
18
14
16
16
17
17
20
16
25
15
26
14
27
14
30
13
31
12
32
12
30
12
27
13
22
15
21
15
20
15
20
14
21
14
22
14
28
14
31
13
33
12
34
12
35
12
36
12
38
12
18
8
18
7
18
5
18
4
18
2
17
0
14
0
13
1
13
2
13
3
12
4
12
5
11
6
10
7
8
9
7
9
5
9
3
8
1
6
1
5
4
4
6
4
13
4
15
4
16
4
19
3
20
3
21
3
22
3
24
2
26
2
27
2
28
2
30
2
31
2
32
2
32
3
32
4
32
7
32
8
31
9
30
10
29
11
27
15
26
15
26
16
25
16
26
17
27
18
30
20
31
20
32
21
33
22
32
23
31
23
30
24
28
25
28
26
24
27
21
27
18
26
15
26
39
12
