31
12
0
6
1
6
2
5
3
5
4
5
5
5
6
5
7
5
8
5
9
5
10
6
11
6
12
6
13
6
13
7
14
7
13
8
12
8
11
8
9
8
9
7
8
7
7
7
6
7
5
7
4
7
3
7
3
6
2
6
1
5
2
4
3
4
3
3
4
3
5
3
6
3
7
2
8
2
9
2
10
2
11
2
11
3
10
4
10
5
10
7
10
8
10
9
10
10
11
10
12
11
13
11
14
11
15
11
16
11
16
10
16
9
15
8
15
7
14
6
13
5
12
4
12
3
12
2
12
1
13
1
14
1
15
1
16
1
16
2
16
3
16
4
15
5
15
6
16
8
17
9
18
9
19
9
20
9
21
9
21
10
20
8
19
7
19
6
18
5
17
5
17
4
15
3
14
3
13
3
12
5
14
5
16
5
19
5
20
5
21
5
22
6
23
6
23
5
24
5
22
5
25
5
26
5
27
5
28
5
29
5
29
6
29
7
29
8
29
9
30
9
